-1
38174
48174
4174
59174
69174
4176
187
2187
3187
5187
6187
9187
184
45
1045
2045
3045
4045
5045
6045
7045
8045
10136
11136
1136
4136
167
17167
23167
101
8
1008
2008
3008
13114
16114
18114
20114
21114
27114
35114
36114
38114
42114
45114
5114
60114
7114
175
101175
103175
105175
120175
122175
123175
124175
15175
16175
17175
18175
19175
1175
20175
21175
22175
23175
24175
27175
28175
2175
30175
31175
32175
35175
36175
39175
3175
40175
41175
42175
43175
44175
45175
46175
47175
48175
49175
4175
51175
52175
55175
56175
57175
59175
5175
60175
62175
63175
64175
67175
68175
71175
72175
74175
75175
76175
79175
80175
82175
83175
84175
87175
88175
89175
90175
91175
92175
94175
95175
96175
97175
10154
10153
13153
15153
17153
90
2169
3169
0
1000
2000
3000
61
11134
2134
7134
137
16137
19137
29137
39137
8137
1177
10130
11130
12130
15130
16130
18130
19130
1130
2130
6130
7130
8130
9130
12
4072
102173
103173
104173
10173
111173
11173
14173
15173
1173
24173
27173
28173
29173
2173
30173
31173
32173
33173
35173
36173
37173
38173
39173
3173
40173
41173
42173
43173
44173
6173
78173
7173
89173
1092
1
1001
1071
-1
179
4107
7107
6
10006
11006
12006
13006
14006
15006
16006
17006
18006
19006
1006
20006
21006
22006
23006
25006
26006
27006
28006
29006
30006
31006
32006
33006
34006
35006
36006
37006
38006
39006
3006
40006
41006
42006
43006
44006
45006
46006
47006
4006
5006
6006
7006
8006
9006
13166
4166
5
10005
11005
12005
13005
14005
15005
16005
17005
18005
19005
20005
21005
2005
3005
4005
5005
6005
7005
8005
9005
1119
11120
1120
3120
11131
17131
19131
23131
26131
4
1004
46
1046
64
1064
9164
11172
14172
20172
26172
27172
30172
32172
8172
34
1034
2034
3034
4034
5034
27
1027
2027
69
1002
2002
3002
4002