-1
0
1000
2000
3000
4000
5000
6000
7000
8000
9000
10000
11000
12000
13000
14000
15000
16000
17000
18000
19000
20000
21000
1
1001
2001
3001
4001
5001
6001
7001
8001
9001
10001
11001
12001
13001
14001
15001
2
1002
2002
3002
4002
5002
6002
7002
8002
9002
10002
11002
12002
13002
14002
15002
16002
17002
18002
19002
20002
21002
22002
23002
24002
25002
26002
27002
28002
29002
30002
31002
32002
33002
34002
35002
36002
37002
38002
39002
40002
41002
42002
43002
44002
45002
46002
47002
48002
3
5
1005
6
1006
2006
3006
4006
5006
7
1007
2007
3007
4007
5007
6007
7007
8007
9007
10007
11007
12007
13007
14007
15007
16007
17007
8
1008
9
1009
2009
3009
4009
5009
12
13
15
1015
2015
3015
4015
5015
6015
7015
8015
9015
10015
11015
12015
13015
14015
15015
16015
17015
18015
19015
20015
21015
22015
23015
24015
25015
26015
27015
28015
29015
30015
31015
16
1016
2016
17
1017
2017
3017
4017
5017
6017
18
1018
2018
3018
4018
5018
6018
19
20
1020
29
1029
2029
3029
4029
5029
6029
7029
8029
9029
10029
11029
12029
13029
14029
15029
16029
17029
18029
19029
20029
21029
22029
23029
24029
25029
26029
27029
28029
29029
30029
31029
30
1030
2030
3030
4030
5030
6030
7030
8030
9030
10030
31
32
1032
33
1033
2033
3033
4033
5033
6033
7033
8033
9033
34
1034
36
1036
37
1037
2037
3037
39
1039
2039
3039
4039
5039
6039
7039
8039
9039
10039
11039
12039
13039
14039
15039
16039
17039
18039
19039
20039
21039
22039
23039
24039
25039
40
1040
2040
3040
4040
5040
6040
7040
8040
9040
10040
11040
12040
13040
14040
15040
16040
17040
18040
41
1041
2041
42
1042
2042
3042
43
1043
2043
3043
4043
5043
6043
7043
8043
9043
10043
11043
12043
13043
46
47
1047
2047
3047
4047
5047
6047
7047
8047
9047
10047
11047
12047
13047
14047
15047
16047
17047
18047
19047
20047
21047
22047
23047
24047
25047
26047
27047
28047
29047
30047
31047
32047
33047
34047
35047
36047
37047
48
49
50
1050
2050
3050
4050
5050
6050
7050
8050
51
1051
2051
3051
4051
5051
52
1052
2052
3052
4052
5052
6052
7052
8052
9052
10052
11052
12052
13052
14052
15052
16052
17052
18052
19052
20052
21052
22052
23052
24052
25052
26052
27052
28052
29052
30052
31052
32052
33052
34052
35052
36052
37052
38052
39052
40052
41052
42052
43052
44052
45052
46052
47052
48052
49052
50052
51052
52052
53052
54052
55052
56052
57052
58052
59052
60052
61052
62052
63052
64052
65052
66052
67052
68052
69052
70052
71052
72052
73052
74052
75052
76052
77052
78052
54
55
1055
2055
3055
4055
5055
6055
7055
8055
9055
10055
11055
12055
13055
56
57
1057
2057
3057
58
1058
2058
59
1059
2059
3059
4059
61
1061
2061
3061
62
1062
2062
3062
4062
5062
63
1063
64
1064
66
1066
2066
3066
67
1067
68
1068
69
1069
2069
70
72
73
74
1074
2074
75
1075
76
85
86
1086
2086
3086
4086
5086
6086
7086
8086
9086
10086
11086
12086
13086
14086
15086
16086
17086
18086
19086
20086
21086
22086
23086
24086
25086
26086
27086
28086
29086
30086
31086
32086
33086
34086
35086
36086
37086
38086
39086
87
88
1088
2088
3088
4088
89
1089
90
1090
2090
91
1091
2091
3091
96
98
100
1100
2100
3100
4100
5100
6100
7100
8100
9100
10100
11100
12100
103
104
109
111
113
1113
2113
3113
4113
5113
6113
7113
8113
9113
116
1116
2116
3116
4116
5116
117
1117
2117
3117
4117
5117
6117
7117
8117
9117
10117
11117
12117
13117
14117
15117
16117
17117
18117
118
1118
2118
3118
4118
5118
6118
7118
8118
9118
10118
11118
12118
13118
14118
15118
16118
17118
18118
19118
20118
21118
120
1120
2120
3120
4120
5120
6120
7120
121
1121
2121
3121
4121
122
1122
2122
3122
4122
5122
6122
7122
8122
9122
10122
11122
12122
13122
14122
15122
16122
17122
18122
19122
20122
123
1123
2123
3123
4123
5123
6123
124
1124
2124
3124
4124
5124
6124
7124
8124
9124
10124
11124
12124
13124
14124
15124
16124
17124
18124
19124
20124
21124
125
1125
2125
3125
4125
5125
6125
7125
8125
9125
10125
11125
12125
13125
14125
127
1127
2127
3127
4127
5127
6127
7127
8127
9127
10127
11127
12127
13127
14127
15127
16127
17127
18127
19127
20127
21127
22127
128
1128
2128
3128
4128
5128
6128
7128
8128
9128
10128
11128
12128
13128
14128
15128
129
1129
2129
3129
4129
5129
6129
7129
8129
9129
10129
11129
12129
13129
14129
15129
16129
17129
18129
19129
20129
21129
22129
23129
24129
25129
26129
27129
28129
29129
30129
130
1130
2130
3130
4130
5130
6130
7130
8130
9130
10130
11130
12130
13130
14130
15130
16130
17130
18130
131
1131
132
1132
2132
3132
4132
5132
6132
7132
133
1133
2133
3133
134
1134
2134
3134
4134
5134
6134
7134
8134
9134
10134
11134
12134
13134
14134
15134
16134
17134
18134
19134
20134
135
1135
2135
136
1136
2136
3136
4136
137
1137
2137
3137
4137
5137
6137
7137
8137
9137
10137
11137
12137
13137
14137
15137
16137
17137
18137
19137
20137
21137
22137
23137
24137
25137
26137
27137
28137
29137
30137
31137
32137
33137
34137
35137
36137
37137
38137
39137
40137
41137
42137
43137
44137
45137
46137
47137
48137
139
1139
2139
3139
4139
5139
6139
7139
8139
9139
10139
11139
12139
13139
14139
15139
16139
17139
18139
19139
20139
21139
22139
23139
24139
25139
26139
27139
28139
29139
30139
31139
32139
33139
34139
35139
36139
37139
38139
39139
40139
41139
42139
43139
44139
45139
46139
47139
48139
49139
50139
51139
52139
53139
54139
55139
56139
57139
58139
59139
60139
61139
140
1140
2140
3140
4140
5140
6140
7140
8140
9140
10140
141
1141
2141
3141
4141
5141
6141
7141
8141
9141
10141
11141
12141
13141
14141
15141
16141
17141
18141
19141
20141
21141
22141
23141
24141
142
1142
2142
3142
4142
5142
6142
7142
8142
9142
10142
11142
143
1143
2143
3143
4143
5143
6143
7143
8143
9143
10143
11143
12143
13143
14143
15143
16143
17143
18143
19143
20143
21143
22143
23143
24143
25143
26143
27143
28143
29143
30143
31143
32143
33143
34143
35143
36143
37143
38143
39143
40143
41143
42143
144
1144
2144
3144
4144
5144
6144
7144
8144
145
1145
2145
3145
4145
5145
6145
7145
8145
146
147
1147
2147
3147
4147
5147
6147
7147
8147
9147
10147
11147
12147
148
1148
2148
3148
4148
5148
6148
149
1149
2149
3149
4149
5149
6149
7149
8149
9149
10149
11149
12149
13149
14149
15149
16149
17149
18149
19149
20149
21149
22149
23149
24149
25149
26149
27149
28149
150
1150
2150
3150
4150
5150
6150
7150
8150
9150
10150
11150
12150
13150
14150
15150
16150
17150
18150
19150
20150
21150
151
1151
2151
3151
4151
5151
6151
7151
8151
9151
10151
11151
12151
13151
14151
15151
16151
17151
18151
19151
20151
21151
22151
23151
24151
25151
26151
27151
28151
29151
30151
31151
32151
33151
34151
35151
36151
37151
38151
39151
40151
41151
42151
43151
44151
45151
46151
47151
48151
49151
50151
51151
52151
53151
54151
55151
152
1152
2152
3152
4152
155
156
157
159
1159
2159
3159
4159
5159
6159
160
161
162
163
1163
2163
3163
4163