-1
0
1000
1
1001
2001
3001
2
1002
2002
3002
4002
5002
6002
7002
8002
9002
10002
11002
12002
13002
14002
15002
16002
17002
18002
19002
3
1003
2003
3003
4003
5003
6003
7003
8003
9003
10003
11003
12003
13003
14003
15003
16003
17003
4
1004
2004
3004
4004
5004
6004
7004
8004
9004
10004
11004
12004
13004
14004
15004
16004
17004
18004
5
1005
2005
3005
4005
5005
6005
7005
8005
9005
10005
11005
12005
13005
14005
15005
16005
17005
18005
6
1006
2006
3006
4006
5006
6006
7006
8006
9006
10006
11006
12006
13006
14006
15006
16006
17006
18006
9
12
1012
15
1015
2015
3015
4015
5015
16
1016
2016
3016
4016
5016
19
1019
22
1022
2022
3022
4022
5022
6022
7022
8022
9022
10022
11022
12022
13022
14022
15022
16022
17022
18022
19022
20022
21022
22022
23022
24022
25022
26022
27022
28022
29022
30022
31022
32022
33022
34022
35022
36022
37022
38022
39022
40022
41022
42022
43022
44022
45022
46022
47022
48022
49022
50022
51022
52022
53022
54022
55022
56022
57022
58022
59022
60022
61022
62022
63022
64022
65022
66022
67022
68022
69022
70022
71022
72022
73022
74022
75022
76022
77022
78022
79022
80022
81022
82022
83022
84022
85022
24
1024
2024
26
1026
2026
3026
4026
5026
6026
7026
8026
9026
10026
11026
12026
13026
14026
15026
16026
17026
18026
19026
20026
21026
22026
23026
24026
25026
26026
27026
28026
29026
30026
31026
32026
33026
34026
35026
36026
37026
38026
39026
40026
41026
42026
30
1030
2030
3030
4030
5030
6030
7030
8030
9030
10030
11030
12030
13030
14030
15030
16030
17030
18030
19030
20030
21030
22030
23030
24030
25030
26030
27030
28030
29030
34
37
1037
2037
3037
4037
5037
6037
7037
8037
9037
10037
11037
12037
13037
14037
15037
16037
17037
18037
19037
20037
21037
22037
23037
24037
25037
26037
27037
28037
29037
30037
31037
32037
33037
34037
35037
36037
37037
38037
39037
40037
41037
42037
43037
44037
45037
46037
47037
48037
49037
50037
51037
38
1038
2038
3038
4038
5038
6038
7038
8038
9038
10038
11038
12038
13038
14038
15038
16038
17038
39
1039
2039
40
1040
2040
3040
41
1041
42
43
1043
2043
3043
4043
5043
6043
7043
8043
44
1044
46
1046
2046
3046
4046
5046
6046
7046
52
58
1058
2058
3058
4058
5058
6058
7058
8058
61
1061
2061
3061
4061
5061
6061
7061
8061
9061
10061
11061
12061
13061
14061
15061
16061
17061
62
1062
2062
3062
4062
5062
6062
68
1068
70
1070
2070
3070
75
1075
94
1094
2094
3094
4094
95
1095
2095
3095
4095
5095
6095
7095
8095
96
1096
2096
3096
4096
5096
6096
7096
8096
9096
10096
97
1097
2097
3097
4097
5097
6097
7097
8097
9097
10097
11097
12097
13097
14097
15097
16097
17097
18097
19097
20097
21097
22097
23097
24097
25097
26097
27097
28097
29097
30097
31097
32097
33097
34097
35097
36097
37097
38097
39097
40097
41097
42097
43097
44097
45097
46097
47097
48097
49097
50097
51097
52097
53097
54097
55097
56097
57097
58097
59097
60097
61097
62097
63097
64097
65097
66097
67097
68097
69097
70097
71097
72097
73097
74097
75097
76097
77097
78097
79097
80097
81097
82097
83097
84097
85097
86097
87097
88097
89097
90097
91097
92097
93097
94097
95097
98
1098
2098
3098
4098
103
1103
2103
3103
4103
5103
6103
7103
8103
9103
10103
11103
12103
13103
14103
15103
16103
17103
18103
19103
20103
21103
22103
23103
24103
25103
26103
27103
28103
29103
104
1104
2104
3104
4104
5104
6104
7104
8104
9104
10104
11104
105
1105
2105
3105
4105
5105
6105
7105
106
108
1108
2108
3108
4108
5108
6108
7108
8108
9108
10108
11108
12108
13108
14108
15108
16108
17108
18108
19108
20108
21108
22108
23108
24108
25108
26108
27108
109
1109
2109
3109
4109
5109
6109
7109
8109
9109
111
112
1112
2112
3112
4112
5112
6112
7112
8112
9112
10112
11112
12112
13112
14112
15112
16112
17112
18112
19112
20112
21112
113
1113
2113
3113
4113
5113
6113
7113
8113
9113
10113
11113
12113
13113
14113
15113
16113
17113
114
1114
2114
3114
4114
5114
6114
115
1115
2115
3115
4115
5115
6115
7115
8115
9115
10115
11115
12115
13115
14115
15115
16115
17115
18115
19115
20115
21115
22115
23115
24115
25115
26115
27115
28115
29115
30115
31115
32115
33115
34115
35115
36115
37115
38115
39115
40115
41115
42115
43115
44115
45115
116
1116
2116
3116
4116
5116
117
1117
2117
3117
4117
5117
6117
7117
8117
9117
10117
11117
12117
13117
14117
15117
118
1118
2118
3118
4118
123
1123
2123
3123
4123
5123
6123
7123
8123
9123
10123
11123
12123
13123
14123
15123
16123
17123
18123
19123
124
1124
2124
3124
125
1125
2125
3125
4125
5125
6125
7125
8125
9125
10125
11125
12125
13125
14125
15125
16125
17125
18125
19125
20125
21125
22125
23125
24125
25125
26125
27125
28125
29125
30125
31125
32125
33125
34125
35125
36125
129
1129
2129
3129
4129
5129
6129
7129
8129
9129
10129
11129
12129
13129
14129
15129
16129
17129
18129
19129
20129
130
131
1131
2131
3131
4131
5131
6131
7131
8131
133
1133
2133
3133
134
1134
2134
3134
4134
5134
136
1136
2136
3136
4136
5136
6136
7136
8136
9136
10136
11136
12136
13136
14136
15136
16136
17136
18136
19136
20136
21136
22136
23136
24136
25136
26136
27136
28136
137
1137
2137
3137
4137
5137
6137
7137
8137
9137
10137
11137
12137
13137
14137
15137
16137
17137
18137
19137
20137
21137
22137
23137
138
1138
2138
3138
4138
5138
6138
7138
8138
9138
10138
11138
12138
13138
14138
15138
16138
17138
18138
19138
20138
21138
22138
23138
24138
25138
26138
27138
28138
29138
30138
31138
32138
33138
34138
35138
36138
37138
38138
39138
40138
41138
42138
43138
44138
45138
46138
47138
48138
49138
50138
51138
52138
53138
54138
55138
56138
57138
58138
59138
60138
61138
62138
63138
64138
65138
66138
67138
68138
69138
70138
71138
72138
73138
74138
75138
76138
77138
78138
79138
80138
81138
82138
83138
84138
85138
86138
87138
88138
89138
90138
91138
92138
93138
94138
95138
96138
97138
98138
99138
100138
101138
102138
103138
104138
105138
106138
107138
108138
109138
139
1139
2139
3139
143
144
1144
2144
3144
4144
5144
6144
7144
8144
145
146
