-1
12
1012
2012
3012
14
1014
2014
3014
15
1015
2015
3015
4015
5015
6015
7015
8015
9015
10015
11015
12015
13015
14015
15015
17
1017
2017
3017
4017
5017
6017
18
1018
20
1020
2020
3020
22
1022
2022
3022
27
1027
30
1030
2030
3030
48
1048
2048
3048
4048
50
51
1051
2051
3051
4051
55
1055
57
1057
2057
3057
4057
5057
6057
7057
8057
9057
10057
11057
12057
13057
14057
15057
16057
17057
18057
19057
20057
21057
22057
23057
24057
25057
26057
27057
28057
29057
30057
31057
32057
33057
34057
35057
36057
37057
38057
39057
40057
41057
42057
43057
44057
45057
46057
47057
48057
49057
50057
51057
52057
53057
54057
55057
56057
57057
58
1058
59
1059
2059
3059
60
1060
2060
3060
61
1061
2061
3061
62
1062
2062
3062
63
1063
69
1069
70
1070
2070
3070
4070
5070
6070
7070
8070
9070
10070
11070
12070
13070
71
73
1073
2073
3073
4073
5073
6073
7073
8073
9073
10073
11073
12073
13073
14073
15073
16073
17073
18073
19073
20073
21073
22073
23073
24073
25073
75
77
1077
2077
3077
81
83
85
86
90
92
1092
2092
93
1093
2093
3093
4093
5093
94
1094
2094
3094
4094
5094
96
1096
2096
97
1097
2097
3097
4097
99
1099
116
118
1118
150
1150
2150
3150
4150
5150
6150
7150
8150
9150
10150
11150
12150
13150
14150
152
1152
2152
156
1156
2156
3156
157
1157
2157
3157
4157
5157
6157
158
170
1170
2170
3170
181
1181
183
184
1184
2184
3184
4184
5184
6184
7184
8184
9184
10184
185
1185
193
1193
2193
197
1197
2197
3197
4197
5197
6197
7197
8197
9197
10197
11197
12197
13197
14197
15197
16197
198
1198
2198
3198
4198
5198
6198
7198
8198
9198
10198
11198
12198
13198
14198
15198
16198
17198
18198
19198
20198
21198
22198
23198
24198
25198
26198
27198
28198
200
1200
2200
3200
4200
5200
6200
7200
8200
9200
10200
11200
202
1202
204
1204
2204
3204
4204
5204
6204
207
210
1210
2210
3210
4210
5210
6210
7210
8210
9210
10210
11210
211
214
1214
2214
3214
4214
5214
6214
7214
8214
9214
10214
11214
12214
13214
215
1215
216
1216
2216
218
1218
2218
3218
4218
5218
6218
7218
8218
9218
10218
11218
12218
13218
14218
15218
16218
17218
18218
19218
20218
21218
22218
23218
24218
25218
26218
27218
28218
29218
30218
31218
32218
33218
