-1
0
1000
2000
3000
1
1001
2
1002
2002
3002
4002
4
1004
5
1005
2005
3005
4005
5005
6005
7005
8005
9005
10005
11005
12005
13005
14005
15005
16005
17005
18005
19005
20005
21005
6
1006
2006
3006
4006
5006
6006
7006
8006
9006
10006
11006
12006
13006
14006
15006
16006
17006
18006
19006
20006
21006
22006
23006
24006
25006
26006
27006
28006
29006
30006
31006
32006
33006
34006
35006
36006
37006
38006
39006
40006
41006
42006
43006
44006
45006
46006
47006
8
1008
2008
3008
12
27
1027
2027
34
1034
2034
3034
4034
5034
45
1045
2045
3045
4045
5045
6045
7045
8045
46
1046
61
64
1064
2064
68
69
1069
2069
3069
4069
5069
6069
7069
71
1071
2071
3071
4071
72
1072
2072
3072
4072
5072
6072
7072
73
1073
2073
3073
4073
81
1081
90
92
1092
101
1101
2101
3101
107
1107
2107
3107
4107
5107
6107
7107
110
113
1113
2113
3113
4113
5113
6113
7113
8113
114
1114
2114
3114
4114
5114
6114
7114
8114
9114
10114
11114
12114
13114
14114
15114
16114
17114
18114
19114
20114
21114
22114
23114
24114
25114
26114
27114
28114
29114
30114
31114
32114
33114
34114
35114
36114
37114
38114
39114
40114
41114
42114
43114
44114
45114
46114
47114
48114
49114
50114
51114
52114
53114
54114
55114
56114
57114
58114
59114
60114
61114
62114
117
1117
118
1118
2118
3118
119
1119
2119
3119
4119
5119
120
1120
2120
3120
4120
5120
6120
7120
8120
9120
10120
11120
130
1130
2130
3130
4130
5130
6130
7130
8130
9130
10130
11130
12130
13130
14130
15130
16130
17130
18130
19130
20130
21130
22130
131
1131
2131
3131
4131
5131
6131
7131
8131
9131
10131
11131
12131
13131
14131
15131
16131
17131
18131
19131
20131
21131
22131
23131
24131
25131
26131
27131
133
1133
2133
3133
4133
5133
134
1134
2134
3134
4134
5134
6134
7134
8134
9134
10134
11134
12134
13134
14134
135
136
1136
2136
3136
4136
5136
6136
7136
8136
9136
10136
11136
12136
13136
14136
15136
16136
17136
18136
19136
20136
21136
22136
137
1137
2137
3137
4137
5137
6137
7137
8137
9137
10137
11137
12137
13137
14137
15137
16137
17137
18137
19137
20137
21137
22137
23137
24137
25137
26137
27137
28137
29137
30137
31137
32137
33137
34137
35137
36137
37137
38137
39137
40137
41137
42137
43137
44137
45137
138
1138
2138
3138
4138
5138
6138
7138
8138
9138
10138
11138
139
1139
2139
3139
4139
5139
6139
7139
8139
144
145
150
1150
151
1151
2151
3151
152
1152
2152
3152
153
1153
2153
3153
4153
5153
6153
7153
8153
9153
10153
11153
12153
13153
14153
15153
16153
17153
18153
19153
20153
21153
22153
154
1154
2154
3154
4154
5154
6154
7154
8154
9154
10154
11154
12154
155
1155
2155
3155
156
157
1157
158
159
1159
2159
3159
4159
5159
6159
160
1160
161
1161
2161
3161
4161
5161
162
1162
2162
3162
4162
5162
6162
7162
8162
9162
10162
11162
12162
13162
14162
15162
16162
17162
18162
19162
20162
21162
22162
23162
24162
25162
163
1163
2163
3163
4163
5163
164
1164
2164
3164
4164
5164
6164
7164
8164
9164
10164
165
1165
2165
3165
4165
5165
6165
7165
8165
9165
10165
11165
12165
13165
14165
15165
16165
17165
166
1166
2166
3166
4166
5166
6166
7166
8166
9166
10166
11166
12166
13166
14166
15166
16166
167
1167
2167
3167
4167
5167
6167
7167
8167
9167
10167
11167
12167
13167
14167
15167
16167
17167
18167
19167
20167
21167
22167
23167
168
1168
169
1169
2169
3169
4169
5169
6169
7169
8169
9169
10169
11169
12169
170
1170
2170
171
1171
2171
3171
4171
172
1172
2172
3172
4172
5172
6172
7172
8172
9172
10172
11172
12172
13172
14172
15172
16172
17172
18172
19172
20172
21172
22172
23172
24172
25172
26172
27172
28172
29172
30172
31172
32172
33172
34172
35172
36172
37172
38172
39172
173
1173
2173
3173
4173
5173
6173
7173
8173
9173
10173
11173
12173
13173
14173
15173
16173
17173
18173
19173
20173
21173
22173
23173
24173
25173
26173
27173
28173
29173
30173
31173
32173
33173
34173
35173
36173
37173
38173
39173
40173
41173
42173
43173
44173
45173
46173
47173
48173
49173
50173
51173
52173
53173
54173
55173
56173
57173
58173
59173
60173
61173
62173
63173
64173
65173
66173
67173
68173
69173
70173
71173
72173
73173
74173
75173
76173
77173
78173
79173
80173
81173
82173
83173
84173
85173
86173
87173
88173
89173
90173
91173
92173
93173
94173
95173
96173
97173
98173
99173
100173
101173
102173
103173
104173
105173
106173
107173
108173
109173
110173
111173
112173
174
1174
2174
3174
4174
5174
6174
7174
8174
9174
10174
11174
12174
13174
14174
15174
16174
17174
18174
19174
20174
21174
22174
23174
24174
25174
26174
27174
28174
29174
30174
31174
32174
33174
34174
35174
36174
37174
38174
39174
40174
41174
42174
43174
44174
45174
46174
47174
48174
49174
50174
51174
52174
53174
54174
55174
56174
57174
58174
59174
60174
61174
62174
63174
64174
65174
66174
67174
68174
69174
70174
175
1175
2175
3175
4175
5175
6175
7175
8175
9175
10175
11175
12175
13175
14175
15175
16175
17175
18175
19175
20175
21175
22175
23175
24175
25175
26175
27175
28175
29175
30175
31175
32175
33175
34175
35175
36175
37175
38175
39175
40175
41175
42175
43175
44175
45175
46175
47175
48175
49175
50175
51175
52175
53175
54175
55175
56175
57175
58175
59175
60175
61175
62175
63175
64175
65175
66175
67175
68175
69175
70175
71175
72175
73175
74175
75175
76175
77175
78175
79175
80175
81175
82175
83175
84175
85175
86175
87175
88175
89175
90175
91175
92175
93175
94175
95175
96175
97175
98175
99175
100175
101175
102175
103175
104175
105175
106175
107175
108175
109175
110175
111175
112175
113175
114175
115175
116175
117175
118175
119175
120175
121175
122175
123175
124175
125175
126175
127175
176
1176
2176
3176
4176
177
1177
179
184
185
187
1187
2187
3187
4187
5187
6187
7187
8187
9187
