-1
6
106
206
306
406
506
606
706
806
906
1006
1106
1206
1306
1406
1506
1606
7
107
8
108
11
111
211
311
411
511
611
711
13
113
20
120
220
320
420
520
620
720
820
920
26
27
127
227
31
131
231
331
431
531
631
731
831
931
1031
1131
1231
1331
1431
34
35
37
137
237
337
437
537
637
737
837
937
1037
1137
1237
1337
1437
1537
40
41
141
42
142
242
44
144
46
146
246
346
446
546
646
746
846
946
1046
1146
1246
1346
1446
1546
1646
1746
1846
1946
2046
2146
2246
2346
47
147
247
347
447
547
647
48
148
248
348
448
548
648
50
150
250
350
450
550
650
750
850
950
1050
52
152
252
352
57
59
159
259
359
459
559
659
759
859
959
1059
61
62
64
164
264
364
464
66
166
266
366
466
566
67
167
267
367
467
567
667
767
867
967
69
169
269
369
469
569
669
769
869
969
1069
1169
1269
1369
1469
1569
1669
1769
1869
1969
2069
2169
2269
2369
2469
2569
70
170
72
172
272
372
472
572
672
772
872
972
1072
1172
1272
1372
1472
1572
1672
1772
1872
1972
2072
2172
2272
2372
2472
2572
2672
2772
2872
2972
3072
3172
3272
3372
3472
3572
3672
3772
3872
3972
4072
4172
4272
4372
73
173
273
373
473
573
673
773
873
973
1073
1173
1273
1373
1473
1573
1673
1773
1873
1973
2073
2173
2273
2373
2473
2573
2673
2773
2873
2973
3073
3173
3273
3373
3473
3573
3673
3773
3873
3973
4073
4173
4273
4373
4473
4573
4673
4773
4873
4973
74
174
274
374
474
574
674
774
874
974
1074
1174
1274
1374
1474
1574
75
175
275
375
475
575
675
775
875
975
1075
1175
1275
1375
1475
1575
1675
1775
1875
1975
2075
2175
2275
2375
2475
2575
2675
2775
2875
2975
3075
3175
3275
3375
3475
3575
3675
3775
3875
3975
4075
4175
4275
4375
4475
4575
4675
4775
4875
4975
77
177
277
377
477
577
677
777
877
977
1077
1177
1277
1377
1477
1577
1677
1777
1877
1977
2077
2177
2277
2377
78
178
278
378
478
578
678
778
878
978
1078
1178
79
179
279
379
479
579
679
779
879
979
1079
1179
1279
1379
1479
1579
1679
1779
1879
1979
2079
2179
2279
2379
2479
2579
2679
2779
2879
2979
3079
3179
3279
80
180
280
380
480
580
680
780
880
980
1080
1180
1280
1380
1480
1580
1680
1780
1880
1980
2080
2180
2280
2380
2480
2580
2680
2780
2880
2980
3080
3180
3280
3380
3480
3580
3680
3780
3880
3980
4080
4180
4280
4380
4480
4580
4680
4780
4880
4980
5080
5180
5280
5380
5480
5580
5680
5780
5880
5980
6080
6180
6280
81
181
281
381
481
82
182
282
382
482
582
682
782
882
982
1082
1182
1282
1382
1482
1582
1682
1782
1882
1982
2082
2182
2282
2382
2482
83
183
283
383
483
583
683
783
883
983
1083
1183
1283
1383
1483
1583
1683
1783
1883
1983
2083
2183
84
184
284
384
484
584
684
784
884
984
1084
1184
1284
1384
1484
1584
1684
1784
1884
86
186
286
386
486
586
686
786
886
986
1086
1186
1286
1386
1486
1586
1686
1786
1886
1986
2086
2186
2286
2386
2486
2586
2686
2786
2886
2986
3086
3186
3286
3386
3486
3586
3686
3786
3886
3986
4086
4186
4286
4386
4486
4586
4686
4786
4886
4986
5086
5186
5286
5386
5486
5586
5686
5786
5886
87
187
287
387
487
587
687
787
887
987
1087
1187
1287
1387
1487
1587
1687
1787
1887
1987
2087
2187
2287
2387
2487
2587
2687
2787
88
188
288
388
488
588
688
788
888
988
1088
1188
1288
1388
1488
1588
1688
1788
1888
1988
2088
2188
2288
2388
90
190
290
390
490
590
91
191
291
391
491
591
691
791
891
991
1091
1191
1291
1391
1491
1591
1691
1791
1891
1991
2091
2191
2291
2391
2491
2591
2691
2791
2891
2991
3091
3191
3291
3391
3491
92
192
292
392
492
93
193
293
393
493
593
693
793
893
993
1093
1193
1293
1393
1493
1593
1693
1793
1893
1993
2093
2193
2293
2393
2493
2593
94
194
294
394
494
594
694
794
894
994
1094
1194
1294
1394
1494
1594
1694
1794
1894
1994
2094
2194
2294
2394
2494
2594
2694
2794
2894
2994
3094
3194
95
195
295
395
495
595
695
795
895
995
96
196
296
396
496
596
696
796
896
996
1096
1196
1296
1396
