-1
27
1027
2027
29
1029
2029
3029
4029
5029
6029
7029
8029
9029
30
1030
2030
32
1032
2032
3032
4032
5032
6032
7032
34
1034
2034
43
53
58
1058
2058
3058
59
1059
2059
3059
63
1063
2063
66
1066
2066
3066
4066
5066
67
1067
2067
68
1068
2068
3068
4068
5068
6068
7068
72
1072
2072
3072
4072
5072
75
1075
83
1083
85
1085
2085
3085
4085
5085
6085
7085
8085
9085
89
1089
2089
3089
93
1093
2093
3093
94
1094
2094
3094
4094
5094
6094
7094
8094
9094
97
1097
2097
98
1098
2098
3098
4098
107
1107
2107
108
1108
2108
3108
4108
5108
6108
7108
8108
9108
10108
11108
12108
13108
14108
15108
16108
17108
18108
19108
20108
21108
22108
23108
24108
109
1109
2109
3109
4109
5109
6109
7109
8109
9109
10109
111
1111
2111
3111
4111
5111
6111
7111
8111
9111
10111
11111
12111
13111
14111
15111
16111
17111
18111
19111
20111
115
1115
116
1116
2116
121
124
1124
2124
3124
4124
5124
6124
7124
125
126
128
1128
2128
3128
4128
5128
133
134
1134
2134
3134
4134
5134
6134
7134
136
137
1137
2137
3137
4137
5137
6137
7137
8137
9137
10137
11137
12137
13137
14137
15137
138
1138
2138
3138
4138
5138
6138
7138
8138
9138
10138
139
1139
2139
3139
4139
5139
6139
7139
8139
9139
10139
11139
12139
13139
14139
15139
16139
17139
18139
19139
20139
21139
140
1140
2140
3140
4140
5140
141
1141
2141
3141
4141
5141
6141
7141
8141
9141
142
1142
2142
3142
4142
5142
6142
7142
8142
9142
10142
11142
12142
13142
14142
15142
16142
17142
18142
19142
20142
21142
22142
23142
24142
25142
26142
27142
28142
29142
30142
31142
32142
143
144
1144
2144
145
1145
146
1146
2146
3146
4146
5146
6146
7146
8146
9146
10146
11146
12146
13146
14146
15146
16146
17146
18146
147
1147
2147
